-0.662262 0.684015 0.27728 -0.129033 0.948628 0.799562 1.36421
-0.66261 0.683789 0.276521 -0.130066 0.948306 0.799679 1.36488
-0.663642 0.684729 0.272075 -0.12923 0.948233 0.800756 1.36616
-0.664256 0.684522 0.271076 -0.12927 0.948502 0.801177 1.3669
-0.664383 0.684518 0.270496 -0.129852 0.94888 0.801575 1.36757
-0.666497 0.683224 0.267823 -0.13137 0.950299 0.803065 1.36938
-0.668018 0.682714 0.264944 -0.132127 0.95091 0.804317 1.37032
-0.668217 0.682525 0.264746 -0.132497 0.950953 0.804478 1.37042
-0.671529 0.68079 0.258723 -0.136512 0.951121 0.807144 1.37267
-0.673808 0.679581 0.254339 -0.139519 0.951779 0.808139 1.37434
-0.674817 0.679192 0.251761 -0.141196 0.952787 0.809048 1.37557
-0.677004 0.677294 0.249915 -0.143111 0.954233 0.810662 1.37708
-0.678971 0.676302 0.247226 -0.143155 0.955642 0.81213 1.37824
-0.680767 0.674863 0.244894 -0.145405 0.957872 0.813981 1.37961
-0.682335 0.674585 0.241374 -0.145231 0.960453 0.8154 1.38087
-0.681575 0.676475 0.238123 -0.145374 0.96403 0.816137 1.38225
-0.680136 0.678846 0.234687 -0.146647 0.967654 0.815961 1.38337
-0.678946 0.680758 0.231104 -0.148968 0.972754 0.815389 1.38522
-0.679846 0.680359 0.229283 -0.149503 0.974933 0.815217 1.38595
-0.682732 0.679142 0.224973 -0.148428 0.980058 0.815458 1.38815
-0.683613 0.678959 0.222871 -0.148378 0.983009 0.8158 1.3895
-0.683675 0.679736 0.21905 -0.150218 0.986426 0.816063 1.39116
-0.684358 0.680301 0.214307 -0.151381 0.98867 0.816256 1.39257
-0.688033 0.677507 0.208327 -0.155547 0.991183 0.816575 1.39418
-0.693465 0.674659 0.197272 -0.158194 0.996157 0.816927 1.39873
-0.695689 0.673736 0.188863 -0.162566 0.999816 0.817485 1.40114
-0.697914 0.67416 0.179912 -0.161418 1.00325 0.818764 1.40203
-0.698135 0.674244 0.177247 -0.16305 1.00472 0.819011 1.40206
-0.701681 0.670647 0.164779 -0.175285 1.01003 0.819665 1.40118
-0.703357 0.670469 0.16106 -0.172687 1.01354 0.821146 1.39988
